%SDOCK result for the docking work: (with explict water)
   Protein A: static ALK1box1.pdb
   Protein B: mobile ../fraglib/preprocessed/Tp_p_5a7gA_0218.pdb
%rotation sampling file: ../SDOCK2.0-restrict/so3layer_648.qua
%weights of score terms (collision, electrostatic, desolvation, water, induction, bbNHB, bbOHB):   0.200   1.400   0.600   1.000   4.000   1.000   7.000
%cluster file: dockresult/ALK1box1_5a7gA_0218
%cluster number: 10
%cluster radius: 1.300
%cluster no MIRMSD  |    rota     x       y      z    |     score:collision  vdw     ele     sol     wat     ind     hbN     hbO
1     1       0.000 |      32   3.600   1.200  -1.200 |   -22.562:   1.000 -29.477   0.435  17.119  -2.482  -0.000  -0.094  -0.227
1     2       1.175 |     328   3.600   1.200  -1.200 |   -21.292:   1.000 -27.395  -0.015  17.248  -2.335  -0.000  -0.086  -0.286
1     3       1.200 |      32   2.400   1.200  -1.200 |   -20.681:   4.000 -26.840   0.071  14.937  -2.323  -0.000  -0.051  -0.190
1     4       1.200 |      32   3.600   2.400  -1.200 |   -19.993:  14.000 -31.142   0.326  20.216  -2.553  -0.000  -0.058  -0.232
2     1       0.000 |      31  -2.400   2.400  -1.200 |   -21.299:   2.000 -31.558  -0.244  22.457  -3.274  -0.000  -0.000   0.000
2     2       1.200 |      31  -1.200   2.400  -1.200 |   -20.021:   4.000 -29.672  -0.540  22.044  -2.953  -0.000  -0.000  -0.095
3     1       0.000 |      33   0.000   2.400  -1.200 |   -21.184:   3.000 -29.662  -0.646  18.131  -2.063   0.000  -0.000  -0.005
3     2       1.200 |      33   1.200   2.400  -1.200 |   -20.979:   8.000 -29.681  -0.839  17.402  -2.164   0.000  -0.000   0.000
4     1       0.000 |     233  -2.400   3.600  -2.400 |   -20.662:   2.000 -27.108  -0.680  16.651  -1.887  -0.000  -0.058  -0.150
5     1       0.000 |     409  -6.000   0.000  -1.200 |   -20.477:   2.000 -26.496  -0.569  15.617  -2.072   0.000  -0.039  -0.121
6     1       0.000 |     353   7.200   1.200  -2.400 |   -20.180:   3.000 -23.405  -0.395   9.347  -2.427   0.000  -0.003   0.000
7     1       0.000 |      31  -1.200   1.200  -1.200 |   -20.158:   0.000 -28.703  -0.809  21.521  -2.738  -0.000  -0.000  -0.071
8     1       0.000 |     354  -1.200   1.200  -1.200 |   -19.968:   3.000 -24.933  -0.441  13.870  -2.508  -0.000  -0.006  -0.118
9     1       0.000 |     246   3.600  -1.200  -1.200 |   -19.785:  16.000 -26.889   0.068  17.855  -2.248  -0.000  -0.000  -0.665
10    1       0.000 |     353   0.000   1.200  -1.200 |   -19.732:   4.000 -23.771  -0.157  11.438  -2.616  -0.000  -0.000  -0.112
