%SDOCK result for the docking work: (with explict water)
   Protein A: static ALK1box2.pdb
   Protein B: mobile ../fraglib/preprocessed/Tp_p_5jscA_0010.pdb
%rotation sampling file: ../SDOCK2.0-restrict/so3layer_648.qua
%weights of score terms (collision, electrostatic, desolvation, water, induction, bbNHB, bbOHB):   0.200   1.400   0.600   1.000   4.000   1.000   7.000
%cluster file: dockresult/ALK1box2_5jscA_0010
%cluster number: 10
%cluster radius: 1.300
%cluster no MIRMSD  |    rota     x       y      z    |     score:collision  vdw     ele     sol     wat     ind     hbN     hbO
1     1       0.000 |     588  -6.000   0.000  -2.400 |   -25.916:   4.000 -17.748  -0.125 -10.010  -1.839  -0.237  -0.000   0.000
1     2       1.200 |     588  -4.800   0.000  -2.400 |   -24.335:   3.000 -15.804  -0.036 -10.690  -1.609  -0.264  -0.000   0.000
2     1       0.000 |     176  -2.400  -1.200   1.200 |   -25.560:   8.000 -27.649  -0.383   6.169  -1.741  -0.215  -0.026  -0.007
3     1       0.000 |     362  -2.400   0.000  -1.200 |   -25.284:   2.000 -19.224  -0.115  -5.749  -1.492  -0.325  -0.059  -0.000
4     1       0.000 |     373  -2.400   0.000  -2.400 |   -24.939:   0.000 -18.427  -0.107  -5.869  -1.161  -0.265  -0.056  -0.080
4     2       1.200 |     373  -3.600   0.000  -2.400 |   -24.592:   1.000 -18.821   0.127  -6.121  -1.190  -0.298  -0.056  -0.005
5     1       0.000 |     577  -4.800   0.000  -2.400 |   -24.933:   3.000 -18.052  -0.182  -6.816  -1.974  -0.241  -0.199   0.000
6     1       0.000 |     398   1.200   0.000  -2.400 |   -24.769:   1.000 -21.154  -0.049  -1.857  -1.573  -0.111  -0.054  -0.080
7     1       0.000 |     617  -1.200  -1.200  -1.200 |   -24.745:   0.000 -18.825   0.059  -6.666  -1.493  -0.099  -0.112  -0.000
7     2       1.200 |     617   0.000  -1.200  -1.200 |   -24.342:   2.000 -18.271  -0.163  -7.038  -1.821  -0.022  -0.110  -0.000
8     1       0.000 |     617   0.000  -1.200   0.000 |   -24.534:   9.000 -20.051  -0.122  -6.875  -1.819  -0.042   0.000  -0.000
9     1       0.000 |     390  -6.000  -1.200  -1.200 |   -24.463:   2.000 -18.507  -0.015  -6.860  -2.022  -0.049  -0.000   0.000
9     2       1.200 |     390  -4.800  -1.200  -1.200 |   -24.397:   3.000 -18.127  -0.086  -8.014  -1.371  -0.143   0.000  -0.000
10    1       0.000 |     287   1.200   0.000  -1.200 |   -24.274:  13.000 -19.045   0.107 -10.047  -1.756  -0.049  -0.000  -0.000
