%SDOCK result for the docking work: (with explict water)
   Protein A: static ALK1box2.pdb
   Protein B: mobile ../fraglib/preprocessed/Tp_p_3ljkA_0226.pdb
%rotation sampling file: ../SDOCK2.0-restrict/so3layer_648.qua
%weights of score terms (collision, electrostatic, desolvation, water, induction, bbNHB, bbOHB):   0.200   1.400   0.600   1.000   4.000   1.000   7.000
%cluster file: dockresult/ALK1box2_3ljkA_0226
%cluster number: 10
%cluster radius: 1.300
%cluster no MIRMSD  |    rota     x       y      z    |     score:collision  vdw     ele     sol     wat     ind     hbN     hbO
1     1       0.000 |     421   4.800   2.400  -2.400 |   -24.131:   4.000 -23.097   1.308   1.381  -2.560  -0.299   0.000  -0.106
1     2       1.200 |     421   3.600   2.400  -2.400 |   -23.210:   1.000 -22.295   1.375   0.776  -2.614  -0.214   0.000  -0.005
2     1       0.000 |     179   2.400   0.000  -2.400 |   -23.765:   7.000 -19.859   0.301  -5.028  -2.296  -0.104   0.000  -0.000
3     1       0.000 |     240   2.400   1.200  -3.600 |   -23.432:  11.000 -23.773  -0.164   1.405  -1.910  -0.141   0.000  -0.000
4     1       0.000 |     510  -2.400  -2.400   1.200 |   -23.258:   1.000 -25.901   0.529   6.520  -2.093  -0.001  -0.112  -0.000
5     1       0.000 |     322   7.200   1.200  -3.600 |   -23.179:   4.000 -19.625  -1.441   0.158  -1.538  -0.037  -0.186  -0.080
6     1       0.000 |     419   2.400   1.200  -2.400 |   -23.037:  12.000 -21.187  -0.292  -2.914  -1.935  -0.039  -0.000   0.000
7     1       0.000 |      82   6.000   1.200  -2.400 |   -22.575:  10.000 -20.502  -0.081  -1.316  -2.994  -0.044   0.000   0.000
8     1       0.000 |     563  -1.200  -2.400  -1.200 |   -22.256:   1.000 -21.181   0.238   1.342  -2.317  -0.024  -0.000  -0.000
9     1       0.000 |     384   1.200   2.400  -2.400 |   -22.229:   3.000 -23.213  -0.254   5.497  -2.175  -0.086   0.000  -0.006
10    1       0.000 |     454   0.000   0.000  -1.200 |   -22.212:   4.000 -17.628  -0.176  -4.128  -2.382  -0.070   0.000   0.000
