%SDOCK result for the docking work: (with explict water)
   Protein A: static ALK1box1.pdb
   Protein B: mobile ../fraglib/preprocessed/Tp_p_6p2nA_0259.pdb
%rotation sampling file: ../SDOCK2.0-restrict/so3layer_648.qua
%weights of score terms (collision, electrostatic, desolvation, water, induction, bbNHB, bbOHB):   0.200   1.400   0.600   1.000   4.000   1.000   7.000
%cluster file: dockresult/ALK1box1_6p2nA_0259
%cluster number: 10
%cluster radius: 1.300
%cluster no MIRMSD  |    rota     x       y      z    |     score:collision  vdw     ele     sol     wat     ind     hbN     hbO
1     1       0.000 |     534   1.200   0.000   0.000 |   -23.385:   3.000 -27.750   0.507  12.987  -1.905  -0.001  -0.005  -0.403
1     2       1.200 |     534   0.000   0.000   0.000 |   -23.261:   4.000 -27.735  -0.190  16.236  -1.923  -0.000  -0.018  -0.551
2     1       0.000 |     262   1.200   0.000   0.000 |   -23.186:   4.000 -30.554   0.532  18.551  -3.120  -0.000  -0.099  -0.298
3     1       0.000 |     470   1.200   0.000   0.000 |   -23.063:   6.000 -31.088  -0.081  19.305  -3.482  -0.003  -0.009  -0.163
4     1       0.000 |      23   1.200   1.200   0.000 |   -22.920:   5.000 -30.576  -0.155  20.883  -3.068  -0.000  -0.213  -0.339
5     1       0.000 |     629   2.400   1.200  -1.200 |   -22.554:   3.000 -29.319  -0.261  20.467  -2.359   0.000  -0.191  -0.457
6     1       0.000 |     190  -4.800   1.200   0.000 |   -22.525:   1.000 -26.794   0.158  12.368  -3.027   0.000  -0.006  -0.077
7     1       0.000 |     537  -1.200   1.200  -1.200 |   -22.452:   1.000 -23.361  -0.166   8.051  -3.572  -0.003  -0.020  -0.041
8     1       0.000 |     537  -2.400   2.400   0.000 |   -22.395:   6.000 -28.031  -0.014  14.270  -3.333  -0.000  -0.000  -0.111
9     1       0.000 |     255  -2.400   2.400   0.000 |   -22.352:   3.000 -29.675  -0.438  16.983  -2.546  -0.003  -0.014  -0.040
10    1       0.000 |     460  -6.000   1.200  -1.200 |   -22.281:   1.000 -27.926   0.453  15.443  -3.054  -0.000  -0.169  -0.176
