%SDOCK result for the docking work: (with explict water)
   Protein A: static ALK1box2.pdb
   Protein B: mobile ../fraglib/preprocessed/Tp_p_5a7gA_0218.pdb
%rotation sampling file: ../SDOCK2.0-restrict/so3layer_648.qua
%weights of score terms (collision, electrostatic, desolvation, water, induction, bbNHB, bbOHB):   0.200   1.400   0.600   1.000   4.000   1.000   7.000
%cluster file: dockresult/ALK1box2_5a7gA_0218
%cluster number: 10
%cluster radius: 1.300
%cluster no MIRMSD  |    rota     x       y      z    |     score:collision  vdw     ele     sol     wat     ind     hbN     hbO
1     1       0.000 |     420  -6.000   1.200  -2.400 |   -19.939:   0.000 -20.118  -0.561   5.924  -1.308  -0.269  -0.205   0.000
2     1       0.000 |     413   4.800   2.400  -2.400 |   -19.821:   9.000 -20.125  -0.706   2.986  -1.383  -0.053   0.000  -0.100
3     1       0.000 |     329   4.800   1.200  -2.400 |   -19.820:   0.000 -19.018  -0.192   1.689  -1.371  -0.035   0.000  -0.005
3     2       1.200 |     329   6.000   1.200  -2.400 |   -19.279:   2.000 -18.413  -0.281   2.620  -1.660  -0.055   0.000  -0.080
4     1       0.000 |     149   3.600   1.200  -2.400 |   -19.592:   1.000 -18.515  -0.146   2.196  -1.639  -0.012  -0.000  -0.100
4     2       1.200 |     149   3.600   0.000  -2.400 |   -19.254:   0.000 -18.086  -0.096   1.899  -1.466  -0.001  -0.000  -0.100
5     1       0.000 |     257   7.200   2.400  -3.600 |   -19.550:  -0.000 -21.171  -0.092   5.972  -1.257  -0.012  -0.002  -0.075
5     2       1.200 |     257   7.200   3.600  -3.600 |   -19.236:  -0.000 -22.967   0.096   8.460  -1.229  -0.019   0.000  -0.025
6     1       0.000 |     161   6.000   2.400  -3.600 |   -19.465:   0.000 -19.621  -0.001   4.602  -1.290  -0.021  -0.000  -0.176
7     1       0.000 |      32   1.200   1.200  -2.400 |   -19.279:   0.000 -16.249  -0.430   0.223  -1.712  -0.081   0.000  -0.075
8     1       0.000 |     532   4.800   1.200  -2.400 |   -19.075:   1.000 -16.060  -0.796   0.989  -1.607  -0.087   0.000  -0.106
9     1       0.000 |     317   6.000   1.200  -2.400 |   -19.020:   9.000 -17.087  -1.465   1.069  -1.613  -0.046   0.000  -0.075
10    1       0.000 |     161   7.200   1.200  -3.600 |   -18.977:   0.000 -20.366  -0.292   5.246  -1.264  -0.021  -0.000  -0.000
