%SDOCK result for the docking work: (with explict water)
   Protein A: static ALK1box1.pdb
   Protein B: mobile ../fraglib/preprocessed/Tp_p_5e3xA_0343.pdb
%rotation sampling file: ../SDOCK2.0-restrict/so3layer_648.qua
%weights of score terms (collision, electrostatic, desolvation, water, induction, bbNHB, bbOHB):   0.200   1.400   0.600   1.000   4.000   1.000   7.000
%cluster file: dockresult/ALK1box1_5e3xA_0343
%cluster number: 10
%cluster radius: 1.300
%cluster no MIRMSD  |    rota     x       y      z    |     score:collision  vdw     ele     sol     wat     ind     hbN     hbO
1     1       0.000 |     118  -2.400   1.200  -1.200 |   -28.345:   3.000 -29.937   0.038   6.675  -2.604  -0.060   0.000  -0.032
1     2       1.200 |     118  -2.400   1.200   0.000 |   -27.645:   7.000 -31.458  -0.246  11.224  -2.753  -0.092  -0.165  -0.099
1     3       1.200 |     118  -2.400   2.400  -1.200 |   -27.596:   5.000 -29.123   0.217   5.295  -2.850  -0.011  -0.000  -0.008
2     1       0.000 |     390  -3.600   0.000  -1.200 |   -28.219:   7.000 -29.384   0.023   4.044  -2.293  -0.061  -0.000  -0.022
2     2       1.200 |     390  -2.400   0.000  -1.200 |   -25.453:   3.000 -29.290   0.185   9.185  -1.828  -0.121  -0.000  -0.031
3     1       0.000 |      58  -4.800   1.200  -1.200 |   -28.028:   4.000 -31.642   0.033   8.105  -1.846  -0.047  -0.000  -0.009
3     2       1.200 |      58  -3.600   1.200  -1.200 |   -25.836:   3.000 -29.306   0.169   7.503  -1.750  -0.029  -0.000   0.000
4     1       0.000 |     118  -3.600   2.400  -1.200 |   -26.996:  12.000 -29.065  -0.103   5.021  -3.136  -0.001   0.000  -0.008
5     1       0.000 |     592  -6.000  -1.200  -1.200 |   -26.252:  20.000 -30.405  -0.091   5.769  -2.589  -0.097  -0.000  -0.029
6     1       0.000 |     118  -3.600   1.200   0.000 |   -25.696:  23.000 -31.727  -0.231  10.073  -3.263  -0.069  -0.085  -0.095
7     1       0.000 |     172  -2.400  -1.200  -1.200 |   -25.669:   9.000 -27.671   0.483   3.385  -2.111  -0.098  -0.000   0.000
8     1       0.000 |     550   7.200   1.200  -2.400 |   -25.360:   3.000 -29.981  -0.148  13.087  -2.156   0.000  -0.000  -0.210
9     1       0.000 |     283  -2.400   0.000  -1.200 |   -25.340:   7.000 -32.084  -0.175  12.863  -2.062   0.000   0.000  -0.010
10    1       0.000 |     548  -3.600   1.200  -1.200 |   -24.852:  16.000 -28.131  -0.041   3.553  -1.767  -0.057  -0.000  -0.000
