%SDOCK result for the docking work: (with explict water)
   Protein A: static ALK1box1.pdb
   Protein B: mobile ../fraglib/preprocessed/Tp_p_6rjcA_0324.pdb
%rotation sampling file: ../SDOCK2.0-restrict/so3layer_648.qua
%weights of score terms (collision, electrostatic, desolvation, water, induction, bbNHB, bbOHB):   0.200   1.400   0.600   1.000   4.000   1.000   7.000
%cluster file: dockresult/ALK1box1_6rjcA_0324
%cluster number: 10
%cluster radius: 1.300
%cluster no MIRMSD  |    rota     x       y      z    |     score:collision  vdw     ele     sol     wat     ind     hbN     hbO
1     1       0.000 |     141   0.000   0.000   0.000 |   -35.817:   3.000 -36.042   0.288   9.036  -3.554  -0.113  -0.162  -0.290
1     2       1.200 |     141   1.200   0.000   0.000 |   -29.145:  10.000 -33.533   0.198  12.852  -3.020  -0.118  -0.120  -0.284
1     3       1.200 |     141   0.000   1.200   0.000 |   -29.063:   8.000 -30.326  -0.062   7.905  -3.071  -0.055  -0.020  -0.240
1     4       1.200 |     141   0.000   0.000  -1.200 |   -28.416:   3.000 -31.098   0.358   8.057  -2.922  -0.045  -0.058  -0.013
1     5       1.257 |     165   0.000   0.000   0.000 |   -28.184:   7.000 -29.442  -0.077   8.571  -3.587  -0.018  -0.143  -0.197
2     1       0.000 |     623  -6.000   0.000  -1.200 |   -29.195:   4.000 -30.794  -0.159   7.677  -3.196  -0.097   0.000   0.000
3     1       0.000 |     166   0.000   1.200   0.000 |   -28.852:  16.000 -30.810  -0.038   4.709  -3.727  -0.051  -0.031  -0.007
4     1       0.000 |     141   1.200   0.000  -1.200 |   -28.796:   4.000 -32.792   0.050  10.808  -2.710  -0.109  -0.167  -0.007
5     1       0.000 |     482  -1.200   1.200  -1.200 |   -28.529:   7.000 -29.726  -0.355   5.152  -2.765  -0.000  -0.031  -0.000
6     1       0.000 |     211  -3.600   1.200  -1.200 |   -28.422:   3.000 -27.503   0.373   2.338  -3.425  -0.000  -0.000  -0.003
7     1       0.000 |     224  -2.400   0.000  -2.400 |   -28.047:   0.000 -29.262  -0.004   5.082  -1.619   0.000  -0.000  -0.030
8     1       0.000 |      48  -1.200   0.000   0.000 |   -27.812:   5.000 -32.860   0.089  11.024  -2.633  -0.000  -0.025  -0.005
9     1       0.000 |     486   1.200   0.000  -1.200 |   -27.452:  12.000 -31.326   0.292   6.059  -2.518   0.000  -0.020  -0.005
10    1       0.000 |     476  -1.200   2.400   0.000 |   -27.435:   6.000 -34.133   0.155  15.845  -3.424  -0.000  -0.103  -0.100
