%SDOCK result for the docking work: (with explict water)
   Protein A: static ALK1box2.pdb
   Protein B: mobile ../fraglib/preprocessed/Tp_p_5e3xA_0343.pdb
%rotation sampling file: ../SDOCK2.0-restrict/so3layer_648.qua
%weights of score terms (collision, electrostatic, desolvation, water, induction, bbNHB, bbOHB):   0.200   1.400   0.600   1.000   4.000   1.000   7.000
%cluster file: dockresult/ALK1box2_5e3xA_0343
%cluster number: 10
%cluster radius: 1.300
%cluster no MIRMSD  |    rota     x       y      z    |     score:collision  vdw     ele     sol     wat     ind     hbN     hbO
1     1       0.000 |     455  -3.600   1.200  -1.200 |   -27.788:   5.000 -21.738  -0.038  -5.735  -1.894  -0.416   0.000   0.000
1     2       1.200 |     455  -4.800   1.200  -1.200 |   -27.679:   7.000 -22.145   0.115  -5.890  -1.979  -0.396   0.000  -0.000
2     1       0.000 |     332   0.000   1.200  -1.200 |   -26.753:   4.000 -22.854  -0.125  -3.802  -1.468   0.000   0.000  -0.111
2     2       1.128 |      34   0.000   1.200  -1.200 |   -25.396:   6.000 -22.720  -0.188  -3.108  -1.656  -0.014   0.000  -0.005
2     3       1.200 |     332   1.200   1.200  -1.200 |   -25.070:   6.000 -21.787  -0.089  -2.818  -1.569  -0.002   0.000  -0.156
3     1       0.000 |      47  -6.000   1.200   0.000 |   -26.551:  18.000 -24.297   0.127  -2.836  -2.524  -0.452  -0.000   0.000
3     2       1.200 |      47  -6.000   1.200  -1.200 |   -25.892:   3.000 -21.579   0.064  -4.059  -2.197  -0.093   0.000   0.000
4     1       0.000 |      47  -4.800   1.200  -1.200 |   -25.866:   6.000 -21.731   0.110  -5.321  -1.618  -0.170  -0.000   0.000
4     2       1.174 |     419  -4.800   1.200  -1.200 |   -24.839:   3.000 -20.167   0.203  -3.969  -2.184  -0.247  -0.000  -0.000
5     1       0.000 |     346  -1.200   2.400  -2.400 |   -25.824:   5.000 -24.448  -0.056  -0.281  -0.630  -0.187  -0.000  -0.107
5     2       1.200 |     346  -2.400   2.400  -2.400 |   -24.817:   9.000 -23.394  -0.144  -1.216  -0.834  -0.224  -0.000  -0.080
6     1       0.000 |      94  -2.400   1.200  -1.200 |   -25.260:   9.000 -21.200  -0.374  -4.485  -2.104  -0.135   0.000   0.000
7     1       0.000 |     455  -4.800   1.200  -2.400 |   -24.587:   0.000 -20.925  -0.139  -3.392  -1.325  -0.026  -0.002   0.000
8     1       0.000 |      34   1.200   1.200  -1.200 |   -24.376:  11.000 -21.723  -0.312  -3.429  -1.734  -0.024   0.000  -0.075
9     1       0.000 |     431  -6.000   1.200  -2.400 |   -24.313:   0.000 -18.403   0.043  -4.799  -1.227  -0.269   0.000  -0.112
10    1       0.000 |      94  -2.400   2.400  -2.400 |   -24.242:   2.000 -20.238  -0.391  -2.753  -1.426  -0.195  -0.000  -0.000
