%SDOCK result for the docking work: (with explict water)
   Protein A: static ALK1box2.pdb
   Protein B: mobile ../fraglib/preprocessed/Tp_p_6p2nA_0259.pdb
%rotation sampling file: ../SDOCK2.0-restrict/so3layer_648.qua
%weights of score terms (collision, electrostatic, desolvation, water, induction, bbNHB, bbOHB):   0.200   1.400   0.600   1.000   4.000   1.000   7.000
%cluster file: dockresult/ALK1box2_6p2nA_0259
%cluster number: 10
%cluster radius: 1.300
%cluster no MIRMSD  |    rota     x       y      z    |     score:collision  vdw     ele     sol     wat     ind     hbN     hbO
1     1       0.000 |     136   7.200   3.600  -2.400 |   -20.135:   3.000 -19.309  -0.474   2.402  -1.980  -0.022  -0.136   0.000
1     2       1.200 |     136   7.200   2.400  -2.400 |   -20.100:   1.000 -18.839  -0.385   2.664  -2.265  -0.014  -0.201   0.000
2     1       0.000 |     329   2.400   2.400  -2.400 |   -20.002:   0.000 -18.615  -0.106   3.083  -2.200  -0.222  -0.000   0.000
3     1       0.000 |     166   3.600   4.800  -2.400 |   -19.941:   0.000 -22.127   0.028   8.082  -1.979  -0.005  -0.000  -0.100
4     1       0.000 |     430  -4.800   4.800  -3.600 |   -19.723:   3.000 -22.861  -0.167   7.690  -1.369  -0.075  -0.000  -0.025
4     2       1.200 |     430  -4.800   3.600  -3.600 |   -19.250:   3.000 -20.061  -0.113   4.844  -1.411  -0.094  -0.000  -0.107
5     1       0.000 |     429  -4.800   2.400  -2.400 |   -19.559:  10.000 -18.971  -0.052   2.328  -2.516  -0.161  -0.000  -0.107
6     1       0.000 |     166   2.400   3.600  -2.400 |   -19.233:   1.000 -19.678   0.263   4.344  -1.940  -0.056   0.000  -0.080
7     1       0.000 |     538  -1.200   2.400  -2.400 |   -19.211:   0.000 -17.342   0.319   0.728  -1.743  -0.068   0.000  -0.106
8     1       0.000 |     545   4.800   1.200  -2.400 |   -19.200:   2.000 -18.391  -0.085   1.694  -1.979  -0.004  -0.113   0.000
9     1       0.000 |     459   3.600   2.400  -2.400 |   -19.169:   6.000 -20.390  -0.029   5.033  -2.045  -0.000  -0.000  -0.131
10    1       0.000 |     423   3.600   2.400  -1.200 |   -19.157:   3.000 -17.659   0.138  -0.327  -1.483  -0.153   0.000  -0.000
