%SDOCK result for the docking work: (with explict water)
   Protein A: static ALK1box1.pdb
   Protein B: mobile ../fraglib/preprocessed/Tp_p_5jscA_0010.pdb
%rotation sampling file: ../SDOCK2.0-restrict/so3layer_648.qua
%weights of score terms (collision, electrostatic, desolvation, water, induction, bbNHB, bbOHB):   0.200   1.400   0.600   1.000   4.000   1.000   7.000
%cluster file: dockresult/ALK1box1_5jscA_0010
%cluster number: 10
%cluster radius: 1.300
%cluster no MIRMSD  |    rota     x       y      z    |     score:collision  vdw     ele     sol     wat     ind     hbN     hbO
1     1       0.000 |     252  -3.600   1.200  -1.200 |   -33.047:   2.000 -30.494  -0.060   0.559  -3.010  -0.049   0.000   0.000
2     1       0.000 |     578   0.000   0.000  -1.200 |   -31.821:   1.000 -31.790  -0.317   8.490  -2.721  -0.089  -0.009  -0.256
3     1       0.000 |     218  -1.200   0.000  -1.200 |   -29.946:   5.000 -32.450  -0.182   9.154  -3.011  -0.181  -0.000   0.000
4     1       0.000 |     578  -1.200   1.200  -1.200 |   -29.873:  10.000 -30.775  -0.086   4.335  -2.948  -0.042  -0.000  -0.066
5     1       0.000 |       7  -1.200   0.000  -1.200 |   -29.803:   4.000 -32.038  -0.425   9.106  -2.131  -0.168  -0.006  -0.089
6     1       0.000 |     553   0.000   0.000  -1.200 |   -29.772:  10.000 -32.646  -0.271   9.425  -2.574  -0.098  -0.005  -0.204
7     1       0.000 |     374  -1.200   0.000  -1.200 |   -29.394:   4.000 -28.290  -0.283   3.311  -2.544  -0.082  -0.000  -0.089
8     1       0.000 |     398  -1.200   0.000  -1.200 |   -29.357:   2.000 -31.162  -0.194   8.582  -2.174  -0.084  -0.000  -0.137
9     1       0.000 |     301   0.000   0.000  -1.200 |   -29.281:   2.000 -30.208  -0.063   6.127  -2.643  -0.104   0.000   0.000
10    1       0.000 |     398  -2.400   0.000   0.000 |   -29.101:   7.000 -31.316  -0.044   7.514  -2.628  -0.086   0.000  -0.094
