%SDOCK result for the docking work: (with explict water)
   Protein A: static ALK1box2.pdb
   Protein B: mobile ../fraglib/preprocessed/Tp_p_6rjcA_0324.pdb
%rotation sampling file: ../SDOCK2.0-restrict/so3layer_648.qua
%weights of score terms (collision, electrostatic, desolvation, water, induction, bbNHB, bbOHB):   0.200   1.400   0.600   1.000   4.000   1.000   7.000
%cluster file: dockresult/ALK1box2_6rjcA_0324
%cluster number: 10
%cluster radius: 1.300
%cluster no MIRMSD  |    rota     x       y      z    |     score:collision  vdw     ele     sol     wat     ind     hbN     hbO
1     1       0.000 |     224   0.000   1.200  -2.400 |   -28.403:   1.000 -22.167  -0.367  -5.979  -1.418  -0.145  -0.335   0.000
1     2       1.200 |     224  -1.200   1.200  -2.400 |   -25.872:   0.000 -19.673  -0.426  -5.266  -1.397  -0.205  -0.229   0.000
2     1       0.000 |     270  -2.400   0.000   0.000 |   -28.386:   2.000 -20.554   0.138 -10.028  -2.145  -0.066   0.000  -0.000
2     2       1.200 |     270  -3.600   0.000   0.000 |   -27.711:   7.000 -21.115  -0.042  -8.740  -2.153  -0.135   0.000  -0.000
2     3       1.200 |     270  -2.400  -1.200   0.000 |   -25.684:   0.000 -20.361   0.281  -6.601  -1.603  -0.038   0.000  -0.000
3     1       0.000 |     314   0.000  -1.200  -1.200 |   -27.082:   0.000 -21.595   0.017  -6.238  -1.768  -0.000  -0.000   0.000
4     1       0.000 |      27  -2.400   1.200  -2.400 |   -26.544:   0.000 -18.805  -0.472  -8.635  -1.541  -0.018  -0.283  -0.000
4     2       1.200 |      27  -2.400   1.200  -1.200 |   -25.238:   5.000 -18.631  -0.215  -7.972  -2.074  -0.056  -0.223   0.000
5     1       0.000 |      27  -3.600   1.200  -1.200 |   -26.354:   4.000 -18.749  -0.200  -9.526  -1.869  -0.092  -0.171  -0.000
6     1       0.000 |     296   0.000   3.600  -2.400 |   -26.170:   4.000 -22.378  -0.188  -3.100  -1.718   0.000   0.000  -0.107
7     1       0.000 |      27  -1.200   1.200  -1.200 |   -25.905:   5.000 -19.132  -0.200  -8.814  -2.059  -0.023  -0.054   0.000
8     1       0.000 |     259   0.000   2.400  -2.400 |   -25.369:   3.000 -21.321  -0.104  -3.245  -1.751  -0.158  -0.171  -0.000
9     1       0.000 |      27  -4.800   1.200  -2.400 |   -25.318:   1.000 -18.224  -0.302  -7.704  -1.475  -0.179  -0.056  -0.000
10    1       0.000 |     367   0.000   1.200  -1.200 |   -25.219:   2.000 -21.271  -0.201  -2.605  -1.510  -0.099   0.000  -0.086
