%SDOCK result for the docking work: (with explict water)
   Protein A: static ALK1box1.pdb
   Protein B: mobile ../fraglib/preprocessed/Tp_p_3ljkA_0226.pdb
%rotation sampling file: ../SDOCK2.0-restrict/so3layer_648.qua
%weights of score terms (collision, electrostatic, desolvation, water, induction, bbNHB, bbOHB):   0.200   1.400   0.600   1.000   4.000   1.000   7.000
%cluster file: dockresult/ALK1box1_3ljkA_0226
%cluster number: 10
%cluster radius: 1.300
%cluster no MIRMSD  |    rota     x       y      z    |     score:collision  vdw     ele     sol     wat     ind     hbN     hbO
1     1       0.000 |     510  -1.200   0.000  -1.200 |   -30.787:   1.000 -31.829   0.137   7.904  -3.460  -0.112   0.000  -0.026
1     2       1.200 |     510  -1.200   1.200  -1.200 |   -26.676:   6.000 -29.182   0.156   7.639  -3.170  -0.029  -0.000  -0.030
2     1       0.000 |      94  -1.200   1.200  -1.200 |   -28.437:   1.000 -29.362   0.084   9.796  -4.006  -0.000  -0.050  -0.173
2     2       1.200 |      94  -1.200   0.000  -1.200 |   -27.897:   4.000 -30.080   0.016  12.251  -3.624  -0.000  -0.211  -0.308
2     3       1.200 |      94   0.000   1.200  -1.200 |   -27.026:   9.000 -31.719  -0.010  12.718  -3.755   0.000  -0.055  -0.130
3     1       0.000 |     455  -1.200   1.200   0.000 |   -28.006:  12.000 -33.227   0.014  13.247  -4.718  -0.000  -0.035  -0.056
3     2       1.200 |     455  -1.200   1.200  -1.200 |   -27.153:   9.000 -31.274   0.251  10.087  -4.083   0.000  -0.000   0.000
4     1       0.000 |     521   0.000   1.200  -1.200 |   -27.600:   5.000 -30.504   0.140   8.780  -3.071  -0.089   0.000  -0.019
5     1       0.000 |     166  -2.400   1.200  -1.200 |   -27.416:  12.000 -30.312  -0.620  11.697  -4.440  -0.000  -0.000  -0.173
6     1       0.000 |      94  -2.400   2.400  -2.400 |   -27.368:   2.000 -28.120   0.050   5.905  -3.239  -0.000   0.000  -0.003
7     1       0.000 |     343  -2.400   1.200  -1.200 |   -26.852:  -0.000 -29.816  -1.475  14.885  -3.323   0.000   0.000  -0.083
8     1       0.000 |     154  -1.200   0.000  -1.200 |   -26.654:   3.000 -28.427  -0.336  11.625  -3.142  -0.000  -0.104  -0.298
9     1       0.000 |     521  -1.200   1.200   0.000 |   -26.569:  20.000 -30.459  -0.097   8.389  -4.376  -0.136  -0.005  -0.012
10    1       0.000 |      94   0.000   0.000  -1.200 |   -26.567:  12.000 -31.877   0.313  13.671  -3.472   0.000  -0.161  -0.300
