dockmodel/SDOCK_ALK1box1_3ljkA_0226_0001_001.pdb dockmodel/SDOCK_ALK1box2_5e3xA_0343_0002_001.pdb    0.000   0.000   1:    9.577 140.874  68.396 158.864  82.688 152.821   7.359 1:    6.920  33.617  94.275 116.855  82.986 121.550-153.800 
dockmodel/SDOCK_ALK1box1_3ljkA_0226_0001_001.pdb dockmodel/SDOCK_ALK1box2_5e3xA_0343_0005_001.pdb    0.000   0.000   1:    9.083 105.871  66.806 159.646 119.354 161.304   8.741 1:    9.612  34.487 128.395 156.046  78.359 120.747 156.383 
dockmodel/SDOCK_ALK1box1_3ljkA_0226_0001_001.pdb dockmodel/SDOCK_ALK1box2_5e3xA_0343_0006_001.pdb    0.000   0.000   1:    8.904 127.564  82.329 131.035 114.743 144.263  82.334 1:    9.388  13.464  69.766-178.696  99.871 153.198  82.100 
dockmodel/SDOCK_ALK1box1_3ljkA_0226_0001_001.pdb dockmodel/SDOCK_ALK1box2_6rjcA_0324_0001_001.pdb    0.000   0.000   1:   11.066  65.654  61.802  23.464  79.224 145.026 -11.856 1:    7.409  29.829  91.481 107.851  83.113 128.545 171.471 
dockmodel/SDOCK_ALK1box1_3ljkA_0226_0001_001.pdb dockmodel/SDOCK_ALK1box2_6rjcA_0324_0006_001.pdb    0.000   0.000   1:   10.466  61.432  69.726  43.664  89.524 165.039  16.075 1:    9.000  34.971 113.062 108.245  79.262 124.815 159.601 
dockmodel/SDOCK_ALK1box1_5jscA_0010_0001_001.pdb dockmodel/SDOCK_ALK1box2_5e3xA_0343_0006_001.pdb    0.000   0.000   1:    5.398 131.634 109.122 115.167 106.516 139.105 135.388 1:    8.141  30.230  64.070  90.363  90.754 150.656  45.082 
dockmodel/SDOCK_ALK1box1_5jscA_0010_0001_001.pdb dockmodel/SDOCK_ALK1box2_5jscA_0010_0004_001.pdb    0.000   0.000   1:   10.353  92.292  79.284  21.030  32.149 140.152   4.953 1:    8.264  56.412  42.000  92.004  62.421  88.144-177.743 
dockmodel/SDOCK_ALK1box1_5jscA_0010_0001_001.pdb dockmodel/SDOCK_ALK1box2_6rjcA_0324_0003_001.pdb    0.000   0.000   1:    5.984 137.502  82.745  -6.452  82.837 117.320-146.118 1:   11.793  29.076 125.512 122.663  93.458  38.058  78.032 
dockmodel/SDOCK_ALK1box1_5jscA_0010_0001_001.pdb dockmodel/SDOCK_ALK1box2_6rjcA_0324_0004_001.pdb    0.000   0.000   1:    8.302  74.496  75.743 -13.791 118.798 169.401  13.107 1:   10.263  29.046 136.310  53.527  86.242 110.420  85.287 
dockmodel/SDOCK_ALK1box1_5jscA_0010_0003_001.pdb dockmodel/SDOCK_ALK1box2_5e3xA_0343_0005_001.pdb    0.000   0.000   1:   10.023  84.266  28.204  10.569 110.494  99.771-118.628 1:    8.366  50.203 114.589 113.532  73.791 133.719  57.078 
dockmodel/SDOCK_ALK1box1_5jscA_0010_0003_001.pdb dockmodel/SDOCK_ALK1box2_5e3xA_0343_0006_001.pdb    0.000   0.000   1:    8.056 110.056  30.839  38.489 132.626 116.471 -74.420 1:    9.150  32.927  54.477  93.763  79.376 145.686 -32.049 
dockmodel/SDOCK_ALK1box1_5jscA_0010_0003_001.pdb dockmodel/SDOCK_ALK1box2_6rjcA_0324_0001_001.pdb    0.000   0.000   1:   11.588  92.730  40.261 -95.020  70.218 106.684-101.263 1:    6.476  44.770  84.524  55.708  72.370 148.594  75.402 
dockmodel/SDOCK_ALK1box1_5jscA_0010_0003_001.pdb dockmodel/SDOCK_ALK1box2_6rjcA_0324_0010_001.pdb    0.000   0.000   1:    6.898 115.311  60.514-171.411  71.087 136.117  21.523 1:   10.254  40.914  48.144  66.599  77.789  68.333   6.680 
dockmodel/SDOCK_ALK1box1_5jscA_0010_0009_001.pdb dockmodel/SDOCK_ALK1box2_5e3xA_0343_0002_001.pdb    0.000   0.000   1:    9.808 127.165  19.009-142.263  62.948 107.473-144.355 1:    9.038  86.563  77.917  70.118  23.937 143.335 148.083 
dockmodel/SDOCK_ALK1box1_5jscA_0010_0009_001.pdb dockmodel/SDOCK_ALK1box2_6rjcA_0324_0010_001.pdb    0.000   0.000   1:    6.526  97.952  48.577-105.221  60.928 145.782 -61.139 1:   13.316  73.606  46.367  44.408  36.847  69.945  17.668 
dockmodel/SDOCK_ALK1box1_6rjcA_0324_0003_001.pdb dockmodel/SDOCK_ALK1box2_5e3xA_0343_0002_001.pdb    0.000   0.000   1:   12.059 129.862  69.392 147.011  89.323 122.855  14.367 1:    6.778  16.070 109.205-167.358  99.649 118.081-168.007 
